255 255 255 255 255 255 255 255 255 255 255 255 255 255 255 255
255  73  40  40  40  60 255 208 208 114  60  40  40  40  73 255
255  40 213 151 206  24 187 232 232 156  24 206 151 213  40 255
255  40 151   0 135  24 250 253 253  93  24 135   0 151  40 255
255  40 206 135 199  24 255  26  26 177  24 199 135 206  40 255
255  60  24  24  24  46  88 199 199 103  46  24  24  24  60 255
255 114  88 250  88  88  30 199 199  88  88 255 250 187 255 255
255  87 151 247 123 204 124 168  12 167 181 120   6  81 255 255
255 255 114 253  30 186 187  12  12  37 181  26   6  81  87 255
255 114 156  93  88  88 140   0  68 197   8 166  85   0 255 255
255  60  24  24  24  46  88 231 250 103 233 147 254 231  60 255
255  40 206 135 199  24  88 120 225 177  24 199 247  71 154 255
255  40 151   0 135  24 250  60  54 167 224 120   8 105 248 255
255  40 213 151 206  24  88 114  33  68 137  49   5 123 168 255
255  73  40  40  40  60 114  87  87 181  40 141  40  40  73 255
255 255 255 255 255 255 255 255 255 255 255 255 255 255 255 255
255 255 255 255 255 255 255 255 255 255 255 255 255 255 255 255
255  73  40  40  40  60 255 208 208 114  60  40  40  40  73 255
255  40 213 151 206  24 187 232 232 156  24 206 151 213  40 255
255  40 151   0 135  24 250 253 253  93  24 135   0 151  40 255
255  40 206 135 199  24 255  26  26 177  24 199 135 206  40 255
255  60  24  24  24  46  88 199 199 103  46  24  24  24  60 255
255 114  88 250  88  88  30 199 199  88  88 255 250 187 255 255
255  87 151 247 123 204 124 168  12 167 181 120   6  81 255 255
255 255 114 253  30 186 187  12  12  37 181  26   6  81  87 255
255 114 156  93  88  88 140   0  68 197   8 166  85   0 255 255
255  60  24  24  24  46  88 231 250 103 233 147 254 231  60 255
255  40 206 135 199  24  88 120 225 177  24 199 247  71 154 255
255  40 151   0 135  24 250  60  54 167 224 120   8 105 248 255
255  40 213 151 206  24  88 114  33  68 137  49   5 123 168 255
255  73  40  40  40  60 114  87  87 181  40 141  40  40  73 255
255 255 255 255 255 255 255 255 255 255 255 255 255 255 255 255
255 255 255 255 255 255 255 255 255 255 255 255 255 255 255 255
255  73  40  40  40  60 255 208 208 114  60  40  40  40  73 255
255  40 213 151 206  24 187 232 232 156  24 206 151 213  40 255
255  40 151   0 135  24 250 253 253  93  24 135   0 151  40 255
255  40 206 135 199  24 255  26  26 177  24 199 135 206  40 255
255  60  24  24  24  46  88 199 199 103  46  24  24  24  60 255
255 114  88 250  88  88  30 199 199  88  88 255 250 187 255 255
255  87 151 247 123 204 124 168  12 167 181 120   6  81 255 255
255 255 114 253  30 186 187  12  12  37 181  26   6  81  87 255
255 114 156  93  88  88 140   0  68 197   8 166  85   0 255 255
255  60  24  24  24  46  88 231 250 103 233 147 254 231  60 255
255  40 206 135 199  24  88 120 225 177  24 199 247  71 154 255
255  40 151   0 135  24 250  60  54 167 224 120   8 105 248 255
255  40 213 151 206  24  88 114  33  68 137  49   5 123 168 255
255  73  40  40  40  60 114  87  87 181  40 141  40  40  73 255
255 255 255 255 255 255 255 255 255 255 255 255 255 255 255 255

255 255 255 255 255 255 255 255 255 255 255 255 255 255 255 255
255  73  40  40  40  60 255 255  87 255  60 154 248 168  73 255
255  40 213 151 206  24 187  81  81   0 231  71 105 123  40 255
255  40 151   0 135  24 250   6   6  85 254 247   8   5  40 255
255  40 206 135 199  24 255 120  26 166 147 199 120  49 141 255
255  60  24  24  24  46  88 181 181   8 233  24 224 137  40 255
255 114 156  93 177 103  88 167  37 197 103 177 167  68 181 255
255 208 232 253  26 199 199  12  12  68 250 225  54  33  87 255
255 208 232 253  26 199 199 168  12   0 231 120  60 114  87 255
255 255 187 250 255  88  30 124 187 140  88  88 250  88 114 255
255  60  24  24  24  46  88 204 186  88  46  24  24  24  60 255
255  40 206 135 199  24  88 123  30  88  24 199 135 206  40 255
255  40 151   0 135  24 250 247 253  93  24 135   0 151  40 255
255  40 213 151 206  24  88 151 114 156  24 206 151 213  40 255
255  73  40  40  40  60 114  87 255 114  60  40  40  40  73 255
255 255 255 255 255 255 255 255 255 255 255 255 255 255 255 255
255 255 255 255 255 255 255 255 255 255 255 255 255 255 255 255
255  73  40  40  40  60 255 255  87 255  60 154 248 168  73 255
255  40 213 151 206  24 187  81  81   0 231  71 105 123  40 255
255  40 151   0 135  24 250   6   6  85 254 247   8   5  40 255
255  40 206 135 199  24 255 120  26 166 147 199 120  49 141 255
255  60  24  24  24  46  88 181 181   8 233  24 224 137  40 255
255 114 156  93 177 103  88 167  37 197 103 177 167  68 181 255
255 208 232 253  26 199 199  12  12  68 250 225  54  33  87 255
255 208 232 253  26 199 199 168  12   0 231 120  60 114  87 255
255 255 187 250 255  88  30 124 187 140  88  88 250  88 114 255
255  60  24  24  24  46  88 204 186  88  46  24  24  24  60 255
255  40 206 135 199  24  88 123  30  88  24 199 135 206  40 255
255  40 151   0 135  24 250 247 253  93  24 135   0 151  40 255
255  40 213 151 206  24  88 151 114 156  24 206 151 213  40 255
255  73  40  40  40  60 114  87 255 114  60  40  40  40  73 255
255 255 255 255 255 255 255 255 255 255 255 255 255 255 255 255
255 255 255 255 255 255 255 255 255 255 255 255 255 255 255 255
255  73  40  40  40  60 255 255  87 255  60 154 248 168  73 255
255  40 213 151 206  24 187  81  81   0 231  71 105 123  40 255
255  40 151   0 135  24 250   6   6  85 254 247   8   5  40 255
255  40 206 135 199  24 255 120  26 166 147 199 120  49 141 255
255  60  24  24  24  46  88 181 181   8 233  24 224 137  40 255
255 114 156  93 177 103  88 167  37 197 103 177 167  68 181 255
255 208 232 253  26 199 199  12  12  68 250 225  54  33  87 255
255 208 232 253  26 199 199 168  12   0 231 120  60 114  87 255
255 255 187 250 255  88  30 124 187 140  88  88 250  88 114 255
255  60  24  24  24  46  88 204 186  88  46  24  24  24  60 255
255  40 206 135 199  24  88 123  30  88  24 199 135 206  40 255
255  40 151   0 135  24 250 247 253  93  24 135   0 151  40 255
255  40 213 151 206  24  88 151 114 156  24 206 151 213  40 255
255  73  40  40  40  60 114  87 255 114  60  40  40  40  73 255
255 255 255 255 255 255 255 255 255 255 255 255 255 255 255 255

255 255 255 255 255 255 255 255 255 255 255 255 255 255 255 255
255  59  31  31 129  31 185  87  73 115  45  31  31  31  73 255
255 157 125   0  48 125  76  35 117  95  15 199 143 213  47 255
255 255 111   0 111 223 175  63  47 255  15 127   0 159  47 255
255 157  62 255 206  31 178 219 111  95  15 199 143 213  47 255
255  59 223 255 157 227 101 247 223  95  45  31  31  31  73 255
255 255   0  79 156   9 200  59   0 139  79  79  90 145 112 255
255  87  83   0  27 167  43  15  11 183 183  31 251 111 255 255
255 255  90   0 111 181 175  11 177 125 210 127 239 159  86 255
255 255 185 255 255  95  95 191 207  35  95  95 245  95 125 255
255  45  15  15  15  45  90 191 207  95  30  15  15  15  60 255
255  31 199 127 199  31 167  31  23 255  15 191 127 207  47 255
255  31 143   0 143  31  90 251 252 245  15 127   0 159  47 255
255  31 213 159 213  31 145 231 237 195  15 207 159 219  47 255
255  73  47  47  47  73 112 203 216 255  60  47  47  47  86 255
255 255 255 255 255 255 255 255 255 255 255 255 255 255 255 255
255 255 255 255 255 255 255 255 255 255 255 255 255 255 255 255
255  59  31  31 129  31 185  87  73 115  45  31  31  31  73 255
255 157 125   0  48 125  76  35 117  95  15 199 143 213  47 255
255 255 111   0 111 223 175  63  47 255  15 127   0 159  47 255
255 157  62 255 206  31 178 219 111  95  15 199 143 213  47 255
255  59 223 255 157 227 101 247 223  95  45  31  31  31  73 255
255 255   0  79 156   9 200  59   0 139  79  79  90 145 112 255
255  87  83   0  27 167  43  15  11 183 183  31 251 111 255 255
255 255  90   0 111 181 175  11 177 125 210 127 239 159  86 255
255 255 185 255 255  95  95 191 207  35  95  95 245  95 125 255
255  45  15  15  15  45  90 191 207  95  30  15  15  15  60 255
255  31 199 127 199  31 167  31  23 255  15 191 127 207  47 255
255  31 143   0 143  31  90 251 252 245  15 127   0 159  47 255
255  31 213 159 213  31 145 231 237 195  15 207 159 219  47 255
255  73  47  47  47  73 112 203 216 255  60  47  47  47  86 255
255 255 255 255 255 255 255 255 255 255 255 255 255 255 255 255
255 255 255 255 255 255 255 255 255 255 255 255 255 255 255 255
255  59  31  31 129  31 185  87  73 115  45  31  31  31  73 255
255 157 125   0  48 125  76  35 117  95  15 199 143 213  47 255
255 255 111   0 111 223 175  63  47 255  15 127   0 159  47 255
255 157  62 255 206  31 178 219 111  95  15 199 143 213  47 255
255  59 223 255 157 227 101 247 223  95  45  31  31  31  73 255
255 255   0  79 156   9 200  59   0 139  79  79  90 145 112 255
255  87  83   0  27 167  43  15  11 183 183  31 251 111 255 255
255 255  90   0 111 181 175  11 177 125 210 127 239 159  86 255
255 255 185 255 255  95  95 191 207  35  95  95 245  95 125 255
255  45  15  15  15  45  90 191 207  95  30  15  15  15  60 255
255  31 199 127 199  31 167  31  23 255  15 191 127 207  47 255
255  31 143   0 143  31  90 251 252 245  15 127   0 159  47 255
255  31 213 159 213  31 145 231 237 195  15 207 159 219  47 255
255  73  47  47  47  73 112 203 216 255  60  47  47  47  86 255
255 255 255 255 255 255 255 255 255 255 255 255 255 255 255 255

255 255 255 255 255 255 255 255 255 255 255 255 255 255 255 255
255  73  40  40  40  60 114 255  87 114  60  40  40  40  73 255
255  40 213 151 206  24 156 114 151  88  24 206 151 213  40 255
255  40 151   0 135  24  93 253 247 250  24 135   0 151  40 255
255  40 206 135 199  24  88  30 123  88  24 199 135 206  40 255
255  60  24  24  24  46  88 186 204  88  46  24  24  24  60 255
255 114  88 250  88  88 140 187 124  30  88 255 250 187 255 255
255  87 114  60 120 231   0  12 168 199 199  26 253 232 208 255
255  87  33  54 225 250  68  12  12 199 199  26 253 232 208 255
255 181  68 167 177 103 197  37 167  88 103 177  93 156 114 255
255  40 137 224  24 233   8 181 181  88  46  24  24  24  60 255
255 141  49 120 199 147 166  26 120 255  24 199 135 206  40 255
255  40   5   8 247 254  85   6   6 250  24 135   0 151  40 255
255  40 123 105  71 231   0  81  81 187  24 206 151 213  40 255
255  73 168 248 154  60 255  87 255 255  60  40  40  40  73 255
255 255 255 255 255 255 255 255 255 255 255 255 255 255 255 255
255 255 255 255 255 255 255 255 255 255 255 255 255 255 255 255
255  73  40  40  40  60 114 255  87 114  60  40  40  40  73 255
255  40 213 151 206  24 156 114 151  88  24 206 151 213  40 255
255  40 151   0 135  24  93 253 247 250  24 135   0 151  40 255
255  40 206 135 199  24  88  30 123  88  24 199 135 206  40 255
255  60  24  24  24  46  88 186 204  88  46  24  24  24  60 255
255 114  88 250  88  88 140 187 124  30  88 255 250 187 255 255
255  87 114  60 120 231   0  12 168 199 199  26 253 232 208 255
255  87  33  54 225 250  68  12  12 199 199  26 253 232 208 255
255 181  68 167 177 103 197  37 167  88 103 177  93 156 114 255
255  40 137 224  24 233   8 181 181  88  46  24  24  24  60 255
255 141  49 120 199 147 166  26 120 255  24 199 135 206  40 255
255  40   5   8 247 254  85   6   6 250  24 135   0 151  40 255
255  40 123 105  71 231   0  81  81 187  24 206 151 213  40 255
255  73 168 248 154  60 255  87 255 255  60  40  40  40  73 255
255 255 255 255 255 255 255 255 255 255 255 255 255 255 255 255
255 255 255 255 255 255 255 255 255 255 255 255 255 255 255 255
255  73  40  40  40  60 114 255  87 114  60  40  40  40  73 255
255  40 213 151 206  24 156 114 151  88  24 206 151 213  40 255
255  40 151   0 135  24  93 253 247 250  24 135   0 151  40 255
255  40 206 135 199  24  88  30 123  88  24 199 135 206  40 255
255  60  24  24  24  46  88 186 204  88  46  24  24  24  60 255
255 114  88 250  88  88 140 187 124  30  88 255 250 187 255 255
255  87 114  60 120 231   0  12 168 199 199  26 253 232 208 255
255  87  33  54 225 250  68  12  12 199 199  26 253 232 208 255
255 181  68 167 177 103 197  37 167  88 103 177  93 156 114 255
255  40 137 224  24 233   8 181 181  88  46  24  24  24  60 255
255 141  49 120 199 147 166  26 120 255  24 199 135 206  40 255
255  40   5   8 247 254  85   6   6 250  24 135   0 151  40 255
255  40 123 105  71 231   0  81  81 187  24 206 151 213  40 255
255  73 168 248 154  60 255  87 255 255  60  40  40  40  73 255
255 255 255 255 255 255 255 255 255 255 255 255 255 255 255 255
